True
True
True
True
True
True
True
True
True
True
True
True
True
True
True
True
True
True
True
True
True
True
7528.184504818057
7528.184504818057
7528.184504818057
7528.184504818057
7528.184504818057
True
True
True
4149.794591208655
4642.761948790867
4696.053190309778
4451.040888422669
4644.044396518796
5320.693830148226
4696.204237400946
4824.030877095455
4013.2750853928637
3980.1113424248174
4641.328225993282
4735.807777187057
4633.232482728352
4617.864333577603
4633.351706509263
4611.810519154261
1418.8025882484749
4569.291473221052
1288.2823287234362
4632.978758491025
4574.392215576296
1963.2906622039368
3958.9746898387334
3964.0031908971087
5503.56200303842
4940.598942191854
2672.6033451321496
4552.176395502553
3418.5159159456744
2637.49260921536
3088.542570763768
3409.578475758746
2148.6583148863165
1194.7885958497695
4092.2344976156937
2637.075288751355
3958.9746898387334
3882.765754762278
3883.021425513163
3883.021425513163
5949.041422154225
5949.010945359882
5949.010945359882
5949.010945359882
5949.010945359882
5949.010945359882
852.6141574340858
2070.636631871548
2215.7101119556924
3344.9150264345153
4024.6940527241313
2084.2795873805594
1076.9214074774673
1076.9214074774673
3204.7788293182316
1407.6405706241233
3416.7074151098336
3250.822318155013
3312.485680878226
3255.295242495348
527.7069665217947
3316.6210590855712
2075.479023058274
4087.286075656078
4087.286075656078
4561.779622305886
3837.906872712129
2318.601115919411
5166.4952273812205
2919.224765547644
5133.072437696583
2905.8036994149816
3815.5466851307833
5057.278416610584
5057.001013773499
5057.278416610584
5131.246673342448
4645.156101860414
4632.978758491025
3315.8945917515853
3332.175942818518
5154.864585228153
4634.505018826534
True
True
4784.546220439265
4774.376736086217
5166.20469062961
3929.526545593212
4505.131066124366
3337.3637184255845
5069.986434130129
3779.512067232659
3918.33632107565
3932.2854331922704
5280.82494448666
4641.587686338287
5358.551914950519
4260.523610049865
4787.653368877552
4874.434135059219
3802.50084687457
4697.1469109313975
3963.0879758625556
3957.773529803449
3899.4535004645054
4669.87476701987
4518.287258390887
3897.8262510985587
4076.4324061996117
4204.341421835098
4123.06697602132
4771.581610537657
4879.114343511884
3851.308234464808
3852.8715552625936
4696.082963640639
4696.082963640639
4003.344520257193
3981.4532347735953
3976.033964489521
4151.388847634416
3994.6599949399274
4098.811239250251
4519.754007565725
4511.912218189218
1087.1879895970574
4820.188561949253
3420.4142368506823
4192.3635068115855
3362.014081628448
1898.0668794277944
4598.5573545946045
4113.6960513778995
3248.083329018699
4360.5699056108015
3762.7228385121657
3967.858727916272
3998.5010181503876
4606.375686696269
4706.482843643926
3323.060499172123
4771.581610537657
4484.956362429499
3957.963746111884
4501.406364994687
3916.7582002984605
4633.500738872241
3241.70129395357
3241.70129395357
2648.197857560985
3298.1342984088233
4641.328225993282
4641.328225993282
4644.8997277472245
4772.04645807654
4638.778831822186
5080.662936159796
4632.978758491025
3405.9039363274223
True
True
3935.906700531607
4642.22498816611
4632.897837532692
4632.778052801025
4132.010288889356
4192.3635068115855
4665.172295322156
4065.3352142372696
4550.215185720787
2516.9551403744726
4633.232482728352
2933.742657224885
2516.9279772261575
4342.638224913261
3132.2705807789425
4786.378244254794
4807.750774208584
3712.8075502135716
2162.588666639448
3332.175942818518
3309.341405537157
4638.778831822186
4697.1469109313975
2261.670980282764
4641.328225993282
4665.172295322156
4665.36961844159
4393.634561779194
4001.3520357028237
3322.4509438261593
4073.9949847472913
972.8796126213095
4192.3635068115855
5166.4952273812205
5130.737734346452
3262.1615295697948
2075.479023058274
5129.25071341991
643.2582289432535
3927.184590558073
643.2582289432535
5426.397298449803
3241.2221940698237
3422.198077560144
3249.1816606112616
4633.0508580308315
4633.0508580308315
3344.9150264345153
3264.2478246404585
4160.8736422834
4559.244173757153
5396.64760291883
6396.890816889809
3928.744900221692
4641.328225993282
4645.551274707988
4695.723038780772
4222.532805542789
3186.957316396371
3308.728599654621
4631.193281559976
4638.74901110158
4643.969861183282
4116.7226252387545
3739.7958679564877
3293.8065715245857
3332.442889235686
4113.493039944925
4000.665473003936
4159.8428644543155
5197.482331759733
2651.001836470795
4167.070507684009
558.4159956859199
3849.3657168542463
923.8675597295115
923.8675597295115
5120.207929376692
5129.045213930271
3826.9855493212413
4548.731751429071
4633.232482728352
3204.093045288388
5131.726349339642
4013.705619140371
4073.9949847472913
4789.136784754514
1427.0812957099872
3960.679281912966
3773.224056669227
4412.916492349338
4640.066597856787
4665.36961844159
5078.249452173864
4764.006053948109
3323.060499172123
4665.36961844159
4665.172295322156
4051.6426972526315
3481.9733765170317
4641.328225993282
4637.22807329117
3960.679281912966
4765.566226792459
4633.210001788761
4631.511754990908
3923.978738830059
4820.9821863931165
4696.053190309778
3481.2626323420395
4631.994386802048
4638.778831822186
4664.975557229778
4641.513121241485
5470.525934198375
4655.219180015323
3932.2854331922704
3515.6754968630557
3099.9843802012742
804.9516990054102
3377.4082200211897
3243.014049829576
3348.115313891395
4163.426635592827
3314.7576713203193
4385.254978997742
3250.02233532353
3295.879122919191
3390.5920317191203
4629.607419179165
3636.539832927423
3916.7582002984605
4515.372671585189
4590.515933386583
4528.397647249328
3453.391002161359
4407.059764751032
3958.9746898387334
5124.467623356661
4122.56330690058
3969.9968560340894
4116.7226252387545
3316.6210590855712
4166.619330378496
3316.6210590855712
3315.8945917515853
4639.185835549844
4638.778831822186
4699.07586147684
4644.929564563906
4639.185835549844
1656.87419838488
3761.403067836701
True
3960.679281912966
2064.6238274546417
5987.979812466802
3241.8234500995186
3241.8234500995186
3241.9465583504407
3212.29291552596
3238.9910696146344
3960.5940562100723
4200.692300671816
4209.660925120763
4030.1973366755155
7302.034478076319
3238.9910696146344
4032.5204759337335
4559.988063614927
4633.2622913591895
4696.082963640639
4697.1469109313975
4633.2622913591895
4641.328225993282
6247.377685245382
3298.1342984088233
4360.451862272557
4451.040888422669
4699.07586147684
4792.911790641644
5129.045213930271
3960.679281912966
4073.9949847472913
4632.978758491025
4812.217478153939
4149.794591208655
5426.397298449803
5426.397298449803
3212.433807339303
3212.433807339303
3032.105327693386
4638.927924660483
2392.5878038097985
2675.0972359911943
3969.3327063179768
3960.5940562100723
3969.302166883277
3059.967952645739
2434.7424982709767
4559.480931901579
6375.019897919905
3976.033964489521
4818.079696624468
3913.1240393736107
3209.1549743108435
4071.676439660289
5033.404635304881
2273.826418932208
3967.408181927255
4149.794591208655
3969.302166883277
4696.142531738844
4640.066597856787
4665.458840421442
4192.303197437487
4116.7226252387545
3054.2789769357987
3928.767801896687
4595.776600728798
1075.6454182338255
4641.328225993282
4696.082963640639
3960.5940562100723
3964.088415246669
2075.479023058274
5761.110226632664
3960.5940562100723
787.342385696257
True
6223.123312628857
4201.772122515594
1974.2175156271085
3499.1243074618856
True
3960.5940562100723
4606.876880607659
4662.945732204553
3492.1512832775857
4559.244173757153
4661.971659076991
2088.332083205439
655.7312960204978
4663.765314004606
4608.969775849708
4559.244173757153
4608.969775849708
4299.0274772524635
4696.9631704520025
3267.4155129338037
4551.673825212386
4645.719903265751
4630.803333793618
2902.4497845890705
4573.356871677936
4687.171231868817
4015.414812810549
3072.6448911870298
4015.414812810549
3243.014049829576
3855.552018540886
4632.978758491025
3172.0798494874384
4665.172295322156
4167.070507684009
4633.210001788761
4027.9511626642725
3960.679281912966
3311.9079849864847
3960.679281912966
3964.088415246669
3960.679281912966
3960.679281912966
3960.679281912966
3960.679281912966
3960.679281912966
3960.679281912966
3960.679281912966
4064.6607515054056
4038.0280037063458
True
3184.2795870676914
923.8675597295115
3979.604116478029
4809.685833153157
4633.0508580308315
4663.772515518338
3733.098452122731
4641.030126742114
4642.761948790867
5166.4952273812205
5308.455477798685
4029.3424441053985
4643.748148227832
3608.147754801836
1047.0735797717575
4632.778052801025
5158.011696465441
2982.837452182013
4645.156101860414
4530.416370377595
4665.36961844159
3322.4509438261593
4632.978758491025
757.4827728272943
3355.5480813877994
456.55105557035716
1141.0355256778664
1139.6789010850355
1058.3626271801652
1139.6499865532014
2272.2631295702317
4329.307675633971
4264.466588768126
5036.801290536574
4641.513121241485
4639.185835549844
4641.328225993282
4641.796458995041
3226.728090049442
5102.159474274503
5102.159474274503
5102.024102914589
2650.7506805529533
4667.680762875419
4665.6450754705575
4991.689177974351
4806.228366550578
4667.680762875419
4667.680762875419
4540.0328305141575
3964.088415246669
3964.088415246669
3964.088415246669
4168.5353269756315
3098.707336276053
3960.679281912966
3960.679281912966
3960.679281912966
4021.628186995775
2366.3865759480823
3778.138986783568
1187.8197246458942
3606.6686577428068
3527.875450162924
3195.488189973015
2614.7798449838638
1817.0343103412802
3969.3327063179768
768.2771877746832
3409.578475758746
2794.233480422654
2794.233480422654
2791.328476188029
2791.328476188029
2839.1302378635664
2791.328476188029
2794.233480422654
2794.233480422654
2839.1302378635664
2791.328476188029
2794.233480422654
2791.328476188029
2791.328476188029
1624.4529011842637
2794.233480422654
2794.233480422654
2791.328476188029
2794.233480422654
2839.1302378635664
2791.328476188029
2794.233480422654
2794.233480422654
2794.233480422654
2794.233480422654
2794.233480422654
2791.328476188029
2839.1302378635664
2794.233480422654
2791.328476188029
2839.1302378635664
2794.233480422654
2791.328476188029
2839.1302378635664
2794.233480422654
3078.2352670258797
5426.397298449803
2329.808119134794
3774.1642568057273
6391.730351186036
5780.952654205678
6470.257259228038
1553.1108281581182
4212.823615755198
759.8127295753694
666.24432466922
2713.704377442289
1553.1108281581182
3783.387754579865
3596.632209175257
3597.0684660495776
3597.373173288212
3784.025905287141
3782.509714816922
857.8568739494594
4574.078228568743
1840.8667637202736
974.7717393371936
2164.68288627669
3822.765043705473
3783.730688800104
772.0465451550957
3823.06921529629
2301.622788701601
2301.622788701601
999.3226083088458
338.144477080244
1553.168769213155
1553.168769213155
4377.874998014196
2695.2860006720152
1058.3626271801652
1058.3626271801652
545.3584479162668
1111.654680156152
756.4604748053322
2184.3044330099888
449.3657701882837
767.6272015825673
864.1581171161213
3784.0554291646376
3999.658305347738
4385.254978997742
4531.908462025217
3999.718481464303
3783.0719256740717
3712.8075502135716
3784.2594295013832
True
3597.373173288212
593.1606320492328
1103.7134327888505
3597.32543547732
815.3147366539603
764.4048702336455
6470.257259228038
5486.499162049206
4644.959401378623
1005.55839324692
2285.6787368834653
4697.1469109313975
5124.467623356661
2692.56511603456
3999.072534574358
4641.796458995041
6822.218870002562
4263.522176184409
3946.029807846128
5949.041422154225
2505.4383303098016
4633.239953004531
3855.552018540886
3259.1739310867765
593.1606320492328
4632.978758491025
4677.409827910623
4676.340603406553
762.6321645481676
756.4604748053322
4787.653368877552
4172.973923374963
4667.680762875419
4855.762961886951
4540.0328305141575
5129.822342213774
4811.593526736324
4701.854635878342
4701.854635878342
4488.795687398772
4530.213844127448
4731.511616504102
974.5833162068101
4488.795687398772
4488.795687398772
4488.990818678808
756.4604748053322
762.6321645481676
766.5731688490898
5108.394862019563
1139.6499865532014
4225.629454981696
4458.772021545658
4935.943026777333
4641.328225993282
4641.328225993282
4641.328225993282
4641.328225993282
4641.328225993282
4641.328225993282
4606.876880607659
4641.513121241485
4174.768550510531
4990.813904970088
4990.813904970088
4703.953773239008
4990.813904970088
4874.050039544483
4990.813904970088
4703.953773239008
4862.010132129026
4920.025291443372
4641.328225993282
5158.011696465441
4641.328225993282
4641.328225993282
4643.748148227832
4645.156101860414
4643.17396397871
4643.748148227832
4639.185835549844
4641.328225993282
4665.763355719698
4606.375686696269
3308.728599654621
4632.978758491025
4559.988063614927
4643.748148227832
4606.996276858245
2985.696388423462
2985.696388423462
4251.352020325008
4260.348881919507
4978.4374874539
4598.965298759864
4643.5449685160065
4598.965298759864
3466.0953330753864
4641.387852258318
4641.328225993282
4816.13454887844
4696.9631704520025
2908.7959164332647
3402.349309705881
2389.376912612575
2389.376912612575
3029.2277187369527
2636.435513181138
3529.184475442602
2345.760742898225
2122.851318042557
3513.808113745434
5971.338761414469
5336.222273470612
6738.585317248015
True
4011.058212743773
6124.621734782489
6124.621734782489
6115.275297538589
6124.621734782489
6124.621734782489
6115.275297538589
6124.621734782489
6124.621734782489
6124.621734782489
3255.732377728443
1109.2569091007974
3783.387754579865
3957.960412802425
1141.0355256778664
767.6272015825673
True
1056.5767924626339
857.8568739494594
5792.255167611102
5772.151610348228
5427.384398206864
5419.035169616402
3241.423325797113
815.3147366539603
815.3147366539603
1056.4773838362194
4149.794591208655
3136.7658104588713
1150.2007573556205
989.408714911652
1148.5485449837554
4633.210001788761
2505.1803311711515
546.2320134368176
542.045528260793
546.2320134368176
546.2320134368176
534.2310252988741
539.2206658613643
534.2310252988741
534.2310252988741
539.2206658613643
2423.367237766693
3596.555311479222
3542.569576780199
5788.667652020543
2306.571603173093
999.8506627321553
2646.3531160338557
4057.0241324690437
4057.0241324690437
3855.356117075143
4057.0067894188032
3880.2149210118364
3874.1982013768156
4184.396585692873
4191.904660541934
4090.7615504712517
3308.0820280794273
4192.487546564883
4188.52697986392
3974.1987231872313
3974.1987231872313
3974.1987231872313
3864.6355792190543
3977.761819092009
3868.5183848595766
3864.1089304354373
3980.954247121548
3829.114087591715
3870.943628677313
3870.943628677313
4134.581335062773
3864.6355792190543
4047.2240114246274
3963.7454934534962
3866.748152856728
3955.572532150158
3978.0524465935914
3978.0524465935914
3978.0524465935914
6471.962866222019
3892.898592218017
3957.8753419682307
330.8826911119542
1940.601064290975
4645.394783817687
3955.4124294306193
3978.483418671276
3954.406113148243
3826.7787511822094
3875.0728582547445
3955.4124294306193
3876.567387248052
3745.6018530586716
3860.4544215916444
3865.888879351749
3912.8836153362117
3748.468761173793
3963.7454934534962
3773.3679934158617
3973.2941112568114
992.8914101377504
3948.3276978872464
3884.0788047015017
4239.029690394158
3898.087496512846
3974.9816358382636
3965.084394169005
3979.043826759493
3871.795165980226
3773.3679934158617
3874.1979664758346
3857.24481345995
3974.9816358382636
3836.9869887904606
3773.399831896604
3871.795165980226
3883.6113305863432
3983.296981750299
3976.48000289243
3865.0243691591513
3956.2665381562583
3968.562377340765
3866.748152856728
3955.4124294306193
3753.21168183674
3857.24481345995
3753.21168183674
3843.3813304810587
3878.3324695499628
True
4264.77102415474
3951.5346988549545
3870.6355209030467
1057.8033528572657
3734.5222343539676
3849.413503148587
3849.467526617952
3972.6546624750167
3865.0243691591513
1059.0466340370353
2406.666721719636
2359.720277583174
2794.664539297615
2803.596191124263
2803.596191124263
2803.596191124263
2803.596191124263
2803.596191124263
2803.596191124263
1136.7543428260383
2803.596191124263
2803.596191124263
2803.596191124263
2795.4362605019205
2802.2286927297173
2792.929454942849
2792.929454942849
2792.929454942849
2776.9695638044423
2791.8727574690624
2794.3373319618
2803.596191124263
2794.3373319618
2791.8727574690624
2791.8727574690624
2794.3373319618
2802.2286927297173
2791.8727574690624
2791.8727574690624
2791.8727574690624
2794.3373319618
2794.3373319618
1136.7543428260383
2794.3373319618
2803.596191124263
2791.8727574690624
2791.8727574690624
2803.596191124263
2791.8727574690624
2794.3373319618
2791.8727574690624
2791.8727574690624
2794.3373319618
1835.4264747107052
2352.6637937791725
4223.570665919141
757.5193970553798
True
762.4250442584156
762.4250442584156
762.4250442584156
762.4250442584156
762.4250442584156
762.4250442584156
762.4250442584156
762.4250442584156
762.4250442584156
762.4250442584156
762.4250442584156
762.4250442584156
762.4250442584156
762.4250442584156
True
762.8968880138943
762.8968880138943
762.8968880138943
764.5901411002017
764.5901411002017
764.5901411002017
762.4800019259691
762.6696507131344
764.2964415750174
764.2964415750174
764.0311801612648
764.0311801612648
764.0311801612648
761.5677851888548
760.7199779054065
762.9225560802244
761.0090153405583
762.8968880138943
762.8968880138943
762.8712169324195
762.8712169324195
764.2964415750174
764.2964415750174
764.0311801612648
764.0311801612648
764.0311801612648
764.0311801612648
760.7199779054065
760.7199779054065
760.7199779054065
759.0837347266671
759.0837347266671
760.8403311588381
760.8403311588381
760.8403311588381
760.8403311588381
760.8403311588381
759.6131917887719
760.7199779054065
760.7199779054065
760.7199779054065
762.9225560802244
762.9225560802244
761.0090153405583
761.0090153405583
762.8968880138943
762.8968880138943
762.8968880138943
762.8968880138943
762.8968880138943
762.8968880138943
762.8968880138943
762.8968880138943
762.8968880138943
762.8968880138943
762.8968880138943
762.8968880138943
762.8968880138943
762.8968880138943
762.8968880138943
762.8968880138943
764.5901411002017
762.4800019259691
762.4800019259691
762.4800019259691
762.4800019259691
763.0885608950283
763.0885608950283
763.0885608950283
762.6696507131344
762.1869769828371
762.8712169324195
762.8712169324195
764.2964415750174
764.0311801612648
764.0311801612648
764.0311801612648
764.0311801612648
764.0311801612648
764.0311801612648
764.0311801612648
764.0311801612648
764.0311801612648
764.0311801612648
764.0311801612648
764.0311801612648
764.0311801612648
760.7199779054065
760.7199779054065
760.7199779054065
760.7199779054065
760.7199779054065
760.7199779054065
760.7199779054065
760.7199779054065
760.7199779054065
760.7199779054065
760.7199779054065
760.7199779054065
762.1264273503456
757.5293504333572
759.0837347266671
759.6131917887719
759.6131917887719
759.6131917887719
759.6131917887719
760.8403311588381
760.8403311588381
760.8403311588381
760.8403311588381
760.8403311588381
760.8403311588381
760.8403311588381
760.8403311588381
760.8403311588381
760.7199779054065
762.9225560802244
762.9225560802244
762.9225560802244
762.9225560802244
757.6540874637176
757.6540874637176
760.8403311588381
760.8403311588381
759.6131917887719
762.9225560802244
762.8712169324195
759.6131917887719
759.6131917887719
759.6131917887719
762.8968880138943
762.8968880138943
762.8968880138943
762.8968880138943
757.5293504333572
760.8403311588381
760.8403311588381
760.8403311588381
757.6540874637176
762.9225560802244
759.6131917887719
760.8403311588381
760.8403311588381
760.8403311588381
764.0311801612648
764.0311801612648
759.6131917887719
759.6131917887719
759.6131917887719
760.8403311588381
760.8403311588381
760.8403311588381
760.7199779054065
762.428265527153
762.428265527153
764.2964415750174
761.0090153405583
848.149900814334
761.8880278838453
765.6394275087107
764.2964415750174
764.0311801612648
760.7199779054065
760.7199779054065
760.7199779054065
757.5293504333572
761.0090153405583
759.6131917887719
762.6696507131344
760.3704253454699
760.8403311588381
762.4800019259691
762.428265527153
764.2964415750174
764.2964415750174
764.2964415750174
764.2964415750174
764.2964415750174
764.0311801612648
764.0311801612648
764.0311801612648
761.5880966727949
760.7199779054065
760.7199779054065
760.7199779054065
760.7199779054065
760.7199779054065
760.7199779054065
760.8403311588381
759.6131917887719
759.6131917887719
762.8968880138943
762.8968880138943
764.5901411002017
764.5901411002017
764.5901411002017
763.0885608950283
760.3704253454699
760.7199779054065
4285.11869568055
2993.4843643641375
4965.926603823747
558.2397566973651
6136.145602346694
6136.145602346694
3982.643021097659
764.0986553993372
2861.4370343092246
3514.210330135035
6136.145602346694
558.2397566973651
3957.066524311794
3751.5387261323176
3735.0203254263215
3758.7644645748214
3858.8746396949637
3738.687417080444
3767.8660170354665
3762.670191107656
3756.490677559521
2780.99836719339
3982.727816211185
1821.581105322514
3009.3928080482005
4325.198710783952
4324.756971134321
3878.4672712777415
3848.7272356968665
3848.7272356968665
3826.8113024586078
3870.9002769006775
3868.958632403183
3866.4613302505413
3826.8113024586078
3880.225942516357
3880.225942516357
3872.840630348319
3963.314218093565
3763.5719394913485
3963.314218093565
3874.3297972044184
3773.3679934158617
3773.3679934158617
3861.162560580118
3912.5319082259302
3861.525817963501
3965.8785512032746
3968.562377340765
3848.7272356968665
3977.761819092009
3982.5458310832864
3748.4756314497117
3979.0161649832717
3979.043826759493
3956.2665381562583
3898.1790213129298
3870.9717804643115
3863.3927548545475
3867.9998875838414
3881.238245976161
3960.2324958363606
3968.0084345860128
3848.7272356968665
3975.130616945507
3871.8279882490847
3860.4544215916444
3836.9869887904606
3871.795165980226
3910.978158749896
3910.978158749896
3865.0808776953627
3969.4705813352684
3836.9869887904606
3851.8089642912732
3967.077063918677
3910.978158749896
3957.373425556026
3897.904327624925
3976.48000289243
3851.6211747674497
3773.3679934158617
3884.0788047015017
3867.517732940652
3848.7272356968665
3873.922415487026
3851.6211747674497
3869.7550204962936
3848.7272356968665
3980.954247121548
3980.954247121548
3980.954247121548
3980.954247121548
3980.954247121548
3980.954247121548
3753.21168183674
3773.3679934158617
3978.0529811144916
3881.238245976161
3864.2473096458757
3878.3324695499628
3971.028765477335
3967.498120570842
4109.015123002942
3874.824137329079
3981.6530940346374
3853.335453065013
3846.108607686376
3897.904327624925
3869.9196391925584
3762.3248529404
3839.842345531065
3853.335453065013
3858.0067343218916
3887.2824450646967
3968.562377340765
3873.235471404778
3974.1987231872313
3748.468761173793
3817.0735153001633
3863.454100431922
3857.81117126874
3869.7550204962936
3826.7787511822094
3868.5183848595766
3866.4613302505413
3878.650804188334
3866.4613302505413
3866.4613302505413
